999000 1.72978
994000 1.49551
991000 1.48927
986000 1.48566
983000 1.39236
978000 1.33621
975000 1.32703
970000 1.32164
967000 1.31857
962000 1.31465
959000 1.31479
954000 1.4698
951000 1.32889
946000 1.3217
943000 1.3143
938000 1.31219
935000 1.30913
930000 1.30615
927000 1.29907
922000 1.29248
919000 1.28831
914000 1.28358
911000 1.28395
906000 1.27994
903000 1.27882
898000 1.26918
895000 1.26858
890000 1.26067
887000 1.25922
882000 1.24687
879000 1.24298
874000 1.23777
871000 1.23744
866000 1.23172
863000 1.23198
858000 1.17526
855000 1.16833
850000 1.1631
847000 1.16109
842000 1.15862
839000 1.14941
834000 1.14626
831000 1.14411
826000 1.13776
823000 1.1355
818000 1.12913
815000 1.1255
810000 1.12172
807000 1.11806
802000 1.1152
799000 1.11142
794000 1.1087
791000 1.10452
786000 1.10487
783000 1.0934
778000 1.09274
775000 1.09247
770000 1.08516
767000 1.08407
762000 1.0795
759000 1.0749
754000 1.0655
751000 1.06523
746000 1.05819
743000 1.05697
738000 1.05331
735000 0.994749
730000 0.991396
727000 0.987658
722000 0.982894
719000 0.979392
714000 0.979754
711000 0.970749
706000 0.965545
703000 0.962567
698000 0.954616
695000 0.954794
690000 0.952479
687000 0.946173
682000 0.941882
679000 0.938074
674000 0.936281
671000 0.932677
666000 0.932048
663000 0.927515
658000 0.922903
655000 0.91835
650000 0.917003
647000 0.913818
642000 0.911104
639000 0.913536
634000 0.898886
631000 0.891917
626000 0.888864
623000 0.88715
618000 0.88087
615000 0.881626
610000 0.82062
607000 0.81838
602000 0.814949
599000 0.810893
594000 0.805596
591000 0.80456
586000 0.799329
583000 0.797855
578000 0.792774
575000 0.790633
570000 0.787293
567000 0.781314
562000 0.781386
559000 0.779004
554000 0.77773
551000 0.775938
546000 0.803202
543000 0.767752
538000 0.767228
535000 0.758488
530000 0.749658
527000 0.747798
522000 0.760169
519000 0.741579
514000 0.738136
511000 0.73575
506000 0.739817
503000 0.72555
498000 0.733849
495000 0.718711
490000 0.6715
487000 0.686117
482000 0.683101
479000 0.678887
474000 0.674362
471000 0.671685
466000 0.666761
463000 0.66666
458000 0.661832
455000 0.656882
450000 0.648048
447000 0.645683
442000 0.644193
439000 0.634694
434000 0.634246
431000 0.631018
426000 0.627321
423000 0.621837
418000 0.622373
415000 0.612924
410000 0.615514
407000 0.608188
402000 0.60701
399000 0.601139
394000 0.597404
391000 0.592875
386000 0.588223
383000 0.581641
378000 0.579303
375000 0.574002
370000 0.554607
367000 0.521367
362000 0.487898
359000 0.484061
354000 0.480077
351000 0.478584
346000 0.473703
343000 0.472378
338000 0.466334
335000 0.459551
330000 0.454385
327000 0.454479
322000 0.463913
319000 0.445129
314000 0.43313
311000 0.431113
306000 0.428111
303000 0.424464
298000 0.423797
295000 0.41823
290000 0.418136
287000 0.405628
282000 0.403054
279000 0.396443
274000 0.394702
271000 0.386286
266000 0.384262
263000 0.377293
258000 0.375646
255000 0.363688
250000 0.358885
247000 0.355829
242000 0.308971
239000 0.293753
234000 0.288786
231000 0.286543
226000 0.283288
223000 0.280693
218000 0.279157
215000 0.275071
210000 0.272732
207000 0.26862
202000 0.267696
199000 0.262675
194000 0.259768
191000 0.255862
186000 0.252697
183000 0.251333
178000 0.247254
175000 0.245023
170000 0.241673
167000 0.241241
162000 0.237095
159000 0.235124
154000 0.231444
151000 0.22977
146000 0.226968
143000 0.224786
138000 0.222491
135000 0.219099
130000 0.215709
127000 0.212697
122000 0.157714
119000 0.164485
114000 0.146638
111000 0.145455
106000 0.135894
103000 0.139095
98000 0.128005
95000 0.124398
90000 0.124124
87000 0.116579
82000 0.111887
79000 0.107978
74000 0.103801
71000 0.101543
66000 0.0979161
63000 0.0958838
58000 0.0882309
55000 0.0817807
50000 0.078818
47000 0.0699435
42000 0.0631356
39000 0.0574488
34000 0.0496726
31000 0.0424291
26000 0.0355404
23000 0.0329283
18000 0.0273835
15000 0.0217789
10000 0.0335923
7000 0.0124352
2000 0.00582649
