998000 1.56729
995000 1.37496
990000 1.37176
987000 1.37147
982000 1.31491
979000 1.34765
974000 1.34745
971000 1.34515
966000 1.33887
963000 1.33082
958000 1.33301
955000 1.34666
950000 1.29518
947000 1.29308
942000 1.28953
939000 1.29465
934000 1.28992
931000 1.27907
926000 1.26884
923000 1.27789
918000 1.27226
915000 1.26613
910000 1.26797
907000 1.26547
902000 1.26316
899000 1.26152
894000 1.30515
891000 1.25979
886000 1.26267
883000 1.2563
878000 1.24908
875000 1.23916
870000 1.2437
867000 1.24197
862000 1.23148
859000 1.17552
854000 1.19966
851000 1.17933
846000 1.17528
843000 1.16264
838000 1.17379
835000 1.16328
830000 1.16026
827000 1.15341
822000 1.1461
819000 1.14247
814000 1.12688
811000 1.14227
806000 1.1215
803000 1.13479
798000 1.12112
795000 1.11453
790000 1.12721
787000 1.10994
782000 1.10649
779000 1.11638
774000 1.10345
771000 1.09951
766000 1.09645
763000 1.08845
758000 1.08416
755000 1.06743
750000 1.06865
747000 1.06274
742000 1.06256
739000 1.06486
734000 1.01079
731000 0.991972
726000 0.993312
723000 0.988732
718000 0.98158
715000 0.983394
710000 0.983185
707000 0.973607
702000 0.961633
699000 0.966866
694000 0.957974
691000 0.954582
686000 0.956991
683000 0.939156
678000 0.955531
675000 0.940269
670000 0.942881
667000 0.942962
662000 0.937121
659000 0.926595
654000 0.923791
651000 0.918725
646000 0.922811
643000 0.913316
638000 0.914307
635000 0.898633
630000 0.900552
627000 0.898525
622000 0.893975
619000 0.890248
614000 0.824876
611000 0.85962
606000 0.868745
603000 0.831993
598000 0.831715
595000 0.819035
590000 0.809472
587000 0.812416
582000 0.808437
579000 0.801562
574000 0.793537
571000 0.796971
566000 0.789109
563000 0.789524
558000 0.779286
555000 0.782377
550000 0.774342
547000 0.781383
542000 0.767684
539000 0.767964
534000 0.760782
531000 0.76144
526000 0.753619
523000 0.751331
518000 0.749224
515000 0.761412
510000 0.739124
507000 0.731472
502000 0.737536
499000 0.72561
494000 0.726808
491000 0.66124
486000 0.668848
483000 0.681491
478000 0.681487
475000 0.674897
470000 0.668441
467000 0.67388
462000 0.664691
459000 0.666093
454000 0.654841
451000 0.653665
446000 0.642547
443000 0.643693
438000 0.644654
435000 0.634134
430000 0.631658
427000 0.629984
422000 0.622799
419000 0.624969
414000 0.615851
411000 0.611128
406000 0.612649
403000 0.604306
398000 0.604759
395000 0.596933
390000 0.591605
387000 0.590325
382000 0.582803
379000 0.578921
374000 0.575192
371000 0.574046
366000 0.494801
363000 0.482142
358000 0.499758
355000 0.481047
350000 0.473166
347000 0.477175
342000 0.470669
339000 0.460796
334000 0.458907
331000 0.456078
326000 0.450957
323000 0.449268
318000 0.439532
315000 0.441349
310000 0.434813
307000 0.430594
302000 0.425465
299000 0.424123
294000 0.415996
291000 0.41846
286000 0.412497
283000 0.402609
278000 0.398471
275000 0.392824
270000 0.392434
267000 0.381256
262000 0.38416
259000 0.371735
254000 0.380174
251000 0.365951
246000 0.351503
243000 0.291456
238000 0.302794
235000 0.288282
230000 0.287828
227000 0.285373
222000 0.282418
219000 0.280771
214000 0.277573
211000 0.275223
206000 0.268202
203000 0.268655
198000 0.265743
195000 0.260403
190000 0.25546
187000 0.256279
182000 0.250432
179000 0.249423
174000 0.24537
171000 0.244408
166000 0.240042
163000 0.236852
158000 0.237157
155000 0.232484
150000 0.232163
147000 0.228476
142000 0.233071
139000 0.230278
134000 0.215923
131000 0.21925
126000 0.210105
123000 0.20577
118000 0.151741
115000 0.149245
110000 0.141005
107000 0.132715
102000 0.131938
99000 0.124089
94000 0.120402
91000 0.115876
86000 0.117758
83000 0.107808
78000 0.104589
75000 0.0985585
70000 0.0973412
67000 0.0927166
62000 0.0865755
59000 0.0836409
54000 0.078087
51000 0.0738145
46000 0.0687351
43000 0.0638478
38000 0.0551359
35000 0.0539063
30000 0.0408026
27000 0.0367729
22000 0.0305872
19000 0.0264349
14000 0.0205974
11000 0.0173579
6000 0.0108414
3000 0.00743713
