997000 1.81098
996000 1.41651
989000 1.49059
988000 1.4857
981000 1.42203
980000 1.3385
973000 1.32296
972000 1.32429
965000 1.3163
964000 1.31711
957000 1.30069
956000 1.27551
949000 1.25242
948000 1.24517
941000 1.24325
940000 1.23534
933000 1.22732
932000 1.23148
925000 1.26836
924000 1.27705
917000 1.27205
916000 1.26494
909000 1.26747
908000 1.26519
901000 1.20119
900000 1.20358
893000 1.2353
892000 1.26786
885000 1.2588
884000 1.25613
877000 1.2451
876000 1.24767
869000 1.23953
868000 1.24297
861000 1.22871
860000 1.20364
853000 1.18684
852000 1.17725
845000 1.16972
844000 1.17459
837000 1.16791
836000 1.16226
829000 1.15652
828000 1.1547
821000 1.14215
820000 1.14173
813000 1.13604
812000 1.1363
805000 1.13105
804000 1.12707
797000 1.12171
796000 1.12829
789000 1.11477
788000 1.11173
781000 1.11037
780000 1.10745
773000 1.10487
772000 1.10025
765000 1.08982
764000 1.09116
757000 1.07782
756000 1.07695
749000 1.05745
748000 1.06779
741000 1.07043
740000 1.062
733000 0.999052
732000 0.99835
725000 0.99338
724000 0.99199
717000 0.981647
716000 0.985505
709000 0.9779
708000 0.974881
701000 0.96426
700000 0.966918
693000 0.956299
692000 0.958968
685000 0.94555
684000 0.95365
677000 0.945839
676000 0.948948
669000 0.944048
668000 0.938039
661000 0.930206
660000 0.931
653000 0.924524
652000 0.923178
645000 0.91823
644000 0.918524
637000 0.907797
636000 0.903834
629000 0.901699
628000 0.895727
621000 0.893549
620000 0.890705
613000 0.827996
612000 0.826327
605000 0.788714
604000 0.821273
597000 0.777338
596000 0.778734
589000 0.771522
588000 0.769901
581000 0.764234
580000 0.762007
573000 0.758114
572000 0.755995
565000 0.750057
564000 0.75178
557000 0.775653
556000 0.778241
549000 0.738585
548000 0.737139
541000 0.754519
540000 0.776556
533000 0.760317
532000 0.756867
525000 0.742468
524000 0.75325
517000 0.708397
516000 0.714206
509000 0.733798
508000 0.736661
501000 0.740959
500000 0.726457
493000 0.734697
492000 0.719879
485000 0.657484
484000 0.669607
477000 0.684554
476000 0.679904
469000 0.675622
468000 0.672836
461000 0.667971
460000 0.667653
453000 0.663348
452000 0.657676
445000 0.649575
444000 0.646592
437000 0.645675
436000 0.644409
429000 0.629075
428000 0.63403
421000 0.628053
420000 0.628983
413000 0.616991
412000 0.621835
405000 0.60865
404000 0.613163
397000 0.603729
396000 0.604548
389000 0.594375
388000 0.596759
381000 0.586926
380000 0.586317
373000 0.576952
372000 0.577364
365000 0.515406
364000 0.472674
357000 0.464237
356000 0.465544
349000 0.456322
348000 0.457362
341000 0.450094
340000 0.450204
333000 0.442163
332000 0.440241
325000 0.431204
324000 0.428872
317000 0.423696
316000 0.438406
309000 0.416295
308000 0.433353
301000 0.432081
300000 0.429506
293000 0.424778
292000 0.424508
285000 0.418996
284000 0.418903
277000 0.405769
276000 0.404329
269000 0.396819
268000 0.395558
261000 0.386543
260000 0.385301
253000 0.377876
252000 0.376509
245000 0.287729
244000 0.288952
237000 0.278612
236000 0.277713
229000 0.277281
228000 0.274364
221000 0.28517
220000 0.287563
213000 0.28598
212000 0.28224
205000 0.280559
204000 0.275756
197000 0.273517
196000 0.269433
189000 0.268229
188000 0.261497
181000 0.26028
180000 0.256399
173000 0.25318
172000 0.250971
165000 0.247939
164000 0.244499
157000 0.242253
156000 0.240116
149000 0.238711
148000 0.234225
141000 0.234164
140000 0.228706
133000 0.208578
132000 0.215099
125000 0.221247
124000 0.20375
117000 0.141354
116000 0.139514
109000 0.132863
108000 0.130472
101000 0.124772
100000 0.133625
93000 0.11723
92000 0.115464
85000 0.109245
84000 0.115296
77000 0.100421
76000 0.103886
69000 0.0937882
68000 0.093346
61000 0.0857747
60000 0.0894116
53000 0.075043
52000 0.0744911
45000 0.0654714
44000 0.0639102
37000 0.0581489
36000 0.0564836
29000 0.0406211
28000 0.0418016
21000 0.0300557
20000 0.0291078
13000 0.0194983
12000 0.0185107
5000 0.015468
4000 0.0083052
