1000000 1.77312
993000 1.48655
992000 1.48767
985000 1.48524
984000 1.58536
977000 1.33656
976000 1.3396
969000 1.33601
968000 1.32747
961000 1.32312
960000 1.32505
953000 1.34582
952000 1.32678
945000 1.32316
944000 1.31369
937000 1.3115
936000 1.30835
929000 1.30532
928000 1.29813
921000 1.29152
920000 1.29196
913000 1.28685
912000 1.28412
905000 1.28046
904000 1.27997
897000 1.26975
896000 1.2685
889000 1.26236
888000 1.26568
881000 1.251
880000 1.2457
873000 1.23857
872000 1.23783
865000 1.23401
864000 1.23884
857000 1.18809
856000 1.17761
849000 1.17064
848000 1.17548
841000 1.16867
840000 1.16261
833000 1.15719
832000 1.15539
825000 1.1428
824000 1.1425
817000 1.13628
816000 1.13714
809000 1.13144
808000 1.12836
801000 1.12227
800000 1.12831
793000 1.11593
792000 1.11258
785000 1.10777
784000 1.10707
777000 1.0957
776000 1.10477
769000 1.08582
768000 1.08845
761000 1.07925
760000 1.07854
753000 1.07269
752000 1.06825
745000 1.06688
744000 1.05862
737000 0.995364
736000 0.994919
729000 0.990842
728000 0.99105
721000 0.978331
720000 0.979485
713000 0.977633
712000 0.972046
705000 0.970061
704000 0.965592
697000 0.959196
696000 0.957617
689000 0.951163
688000 0.949938
681000 0.942127
680000 0.943968
673000 0.941119
672000 0.938871
665000 0.931047
664000 0.937126
657000 0.92335
656000 0.926482
649000 0.91821
648000 0.914535
641000 0.906594
640000 0.910107
633000 0.899197
632000 0.895855
625000 0.889125
624000 0.890138
617000 0.883188
616000 0.882289
609000 0.829078
608000 0.873027
601000 0.83233
600000 0.8198
593000 0.810439
592000 0.813149
585000 0.809288
584000 0.801945
577000 0.794407
576000 0.797445
569000 0.790545
568000 0.789782
561000 0.780183
560000 0.782979
553000 0.775185
552000 0.781752
545000 0.768209
544000 0.768811
537000 0.761246
536000 0.762416
529000 0.754023
528000 0.752354
521000 0.748923
520000 0.744381
513000 0.736994
512000 0.741856
505000 0.72683
504000 0.735493
497000 0.720488
496000 0.721147
489000 0.720413
488000 0.68839
481000 0.678423
480000 0.683996
473000 0.668277
472000 0.665648
465000 0.664422
464000 0.665879
457000 0.658714
456000 0.653636
449000 0.637158
448000 0.619842
441000 0.62939
440000 0.635881
433000 0.631827
432000 0.62873
425000 0.622842
424000 0.624036
417000 0.613916
416000 0.616835
409000 0.609499
408000 0.607973
401000 0.602115
400000 0.604207
393000 0.588547
392000 0.594907
385000 0.577444
384000 0.585721
377000 0.570147
376000 0.579395
369000 0.545787
368000 0.467685
361000 0.460778
360000 0.478635
353000 0.47763
352000 0.475051
345000 0.466539
344000 0.467388
337000 0.456491
336000 0.460416
329000 0.451642
328000 0.44782
321000 0.443128
320000 0.438
313000 0.43292
312000 0.430465
305000 0.425813
304000 0.425448
297000 0.420017
296000 0.419415
289000 0.406853
288000 0.405166
281000 0.398008
280000 0.396455
273000 0.387447
272000 0.386282
265000 0.378725
264000 0.37755
257000 0.366463
256000 0.346225
249000 0.341881
248000 0.340574
241000 0.291033
240000 0.289844
233000 0.288181
232000 0.28731
225000 0.282582
224000 0.282136
217000 0.2762
216000 0.274807
209000 0.269702
208000 0.269663
201000 0.262061
200000 0.261498
193000 0.257063
192000 0.254695
185000 0.251292
184000 0.249257
177000 0.244893
176000 0.243834
169000 0.240451
168000 0.240271
161000 0.234542
160000 0.235571
153000 0.22917
152000 0.229848
145000 0.234173
144000 0.224406
137000 0.215672
136000 0.208494
129000 0.206112
128000 0.204843
121000 0.143234
120000 0.143215
113000 0.134721
112000 0.131773
105000 0.12722
104000 0.128459
97000 0.123027
96000 0.118953
89000 0.111801
88000 0.111238
81000 0.10429
80000 0.103214
73000 0.0943913
72000 0.0976889
65000 0.0912261
64000 0.0991294
57000 0.0837268
56000 0.077514
49000 0.0706839
48000 0.069084
41000 0.0585206
40000 0.0605656
33000 0.0459281
32000 0.0435098
25000 0.033933
24000 0.0328182
17000 0.0242922
16000 0.0241498
9000 0.0148286
8000 0.013036
1000 0.00440843
